4,27
4,17
4,41
4,40
4,4
4,35
4,39
4,81
4,11
4,91
4,1
4,26
4,2
4,3
6,5
6,8
6,6
6,7
6,1
6,4
6,2
6,3
7,7
7,8
7,10
7,4
7,9
7,5
7,2
7,3
5,4
5,2
5,1
5,3
69,52
69,51
69,50
69,49
69,48
69,47
69,46
69,45
69,44
69,43
69,42
69,41
69,40
69,39
69,38
69,37
69,36
69,35
70,1
70,0
3,2
3,1
3,3
10,102
10,88
10,154
10,172
10,142
10,176
10,194
10,132
11,27
9,4
9,6
8,6
8,12
8,16
20,3
20,2
20,1
19,3
19,2
19,1
18,3
18,1
17,3
17,2
17,1
16,3
16,2
16,1
15,3
15,2
15,1
14,3
14,2
14,1
13,3
13,2
13,1
12,3
12,2
12,1
11,25
11,24
11,22
11,21
11,19
11,18
11,17
11,15
11,14
11,13
